QGC WPL 110
0	1	0	16	0.000000	0.000000	0.000000	0.000000	-22.752747	-48.537276	10.000000	1
1	0	0	22	0.000000	0.000000	0.000000	0.000000	-22.752747	-48.537276	10.000000	1
2	0	3	16	0.000000	0.000000	0.000000	0.000000	-22.752747	-48.537276	10.000000	1
3	0	3	178	13.000000	13.000000	0.000000	0.000000	0.000000	0.000000	0.000000	1
4	0	3	16	0.000000	0.000000	0.000000	0.000000	-22.759345	-48.545514	10.000000	1
5	0	3	16	0.000000	0.000000	0.000000	0.000000	-22.756214	-48.534733	10.000000	1
6	0	3	16	0.000000	0.000000	0.000000	0.000000	-22.756100	-48.534826	10.000000	1
7	0	3	16	0.000000	0.000000	0.000000	0.000000	-22.759229	-48.545602	10.000000	1
8	0	3	16	0.000000	0.000000	0.000000	0.000000	-22.759113	-48.545689	10.000000	1
9	0	3	16	0.000000	0.000000	0.000000	0.000000	-22.755985	-48.534918	10.000000	1
10	0	3	16	0.000000	0.000000	0.000000	0.000000	-22.755871	-48.535011	10.000000	1
11	0	3	16	0.000000	0.000000	0.000000	0.000000	-22.758996	-48.545776	10.000000	1
12	0	3	20	0.000000	0.000000	0.000000	0.000000	0.000000	0.000000	0.000000	1
<!--	-48.54628800663707,-22.75535865099819	-48.53727578434672,-22.752746674742113	-48.53167533192331,-22.759711833810385	-48.53961467069141,-22.76218517123195	-48.54371700116374,-22.761849702512933	-48.54631683177624,-22.758374225657093	-48.54628800663707,-22.75535865099819	-->